814
192
440
957
737
358
331
291
503
453
963
945
26
933
5
303
349
262
368
548
112
76
401
724
924
705
676
434
497
585
598
708
553
218
152
126
760
725
754
761
693
274
641
286
7
14
428
888
557
625
752
764
242
692
177
533
501
986
82
842
658
189
836
323
747
527
561
115
324
168
773
30
876
706
458
709
16
447
827
700
143
427
279
530
122
597
235
387
886
635
697
915
85
626
993
577
512
829
965
164
167
3
552
254
844
946
116
472
919
659
566
670
702
733
356
873
808
916
474
407
640
801
711
264
158
582
153
156
329
381
834
388
261
535
240
309
604
790
142
590
843
352
613
223
949
588
565
107
927
277
811
93
904
510
575
966
129
532
482
36
230
319
333
188
380
354
149
832
537
756
713
222
403
712
825
974
620
895
187
967
618
629
344
521
68
136
183
759
950
485
118
276
466
685
894
854
870
326
104
785
667
91
203
302
390
650
559
953
682
614
840
862
133
934
408
461
481
757
622
780
720
981
256
672
100
972
688
929
723
860
258
951
589
221
78
779
845
63
556
970
252
127
657
83
594
633
913
610
295
666
882
337
161
298
128
23
355
973
513
157
119
436
889
569
56
102
348
195
605
580
245
721
255
678
694
146
838
543
227
394
483
328
4
367
982
863
162
636
947
891
25
920
244
353
602
538
123
308
914
515
18
695
619
49
579
475
574
228
812
517
980
646
237
259
925
903
231
910
97
72
729
375
573
505
452
271
38
869
253
893
175
311
21
960
753
687
442
865
745
67
62
226
224
275
176
470
377
272
571
820
325
703
952
542
648
19
29
850
995
294
360
193
451
236
791
86
241
997
307
327
151
526
200
484
817
60
777
301
51
96
883
59
896
73
74
322
830
928
541
710
24
318
362
37
962
417
202
171
50
184
772
204
637
546
448
948
425
386
992
178
217
20
719
771
141
495
106
496
918
792
879
449
201
874
400
421
61
540
438
263
803
954
214
105
420
229
617
392
649
805
634
220
28
32
103
591
419
460
243
267
735
376
17
88
859
923
848
47
881
911
524
655
809
675
173
402
564
131
8
813
558
410
206
887
890
249
69
627
795
190
990
755
534
300
663
304
378
372
12
493
853
121
592
511
282
846
443
793
6
366