68
84
326
107
13
395
467
365
70
307
278
38
67
225
339
592
347
402
125
370
64
92
127
582
586
417
388
4
154
421
594
470
583
316
299
117
422
305
255
165
18
251
78
532
436
257
453
190
426
544
447
36
528
219
106
137
518
227
85
462
155
114
250
231
399
375
353
310
355
419
372
551
377
484
597
556
12
464
270
390
194
233
579
120
234
242
593
487
76
261
65
185
495
100
504
236
552
150
273
433
516
457
471
524
187
386
392
290
188
356
324
191
383
398
314
158
229
168
587
393
298
491
425
568
138
321
486
319
441
367
131
287
43
103
331
162
7
312
35
208
81
122
561
1
196
90
282
286
161
181
473
95
232
47
96
54
599
359
346
581
300
529
490
527
189
77
381
360
538
437
33
526
553
15
41
262
341
265
397
463
411
53
303
48
461
338
546
89
545
113
476
288
452
446
555
382
224
588
203
277
51
575
535
424
460
180
253
71
512
207
259
173
140
343
62
274
550
281
145
565
240
276
445
466
260
111
279
373
160
492
378
410
329
79
99
151
177
292
206
577
134
32
412
238
20
401
218
248
391
58
86
170
110
222
197
320
193
226
337
531
444
75
31
128
9
525
374
139
264
423
105
17
352
135
291
443
202
210
171
387
159
317
104
327
204
522
108
514
540
174
351
449
479
420
400
340
509
488
313
294