214
444
81
326
7
238
82
126
489
60
321
435
78
262
72
588
583
31
598
524
192
456
384
496
69
28
441
176
454
572
205
505
432
196
556
336
68
591
328
527
431
409
143
193
23
162
257
228
40
287
487
494
147
188
171
158
463
364
9
183
430
534
61
351
272
149
374
485
581
48
564
587
477
497
173
66
299
88
412
29
518
84
268
416
503
521
557
166
346
323
552
448
520
259
167
482
538
582
111
490
137
261
242
164
555
50
92
109
495
174
565
157
51
93
386
451
291
560
270
146
301
391
298
44
123
325
191
571
599
103
418
397
567
177
514
554
377
284
186
502
480
265
577
429
579
345
35
15
360
237
172
124
107
22
101
296
211
90
264
383
57
535
367
139
320
233
283
402
528
1
249
398
195
375
24
145
573
498
340
311
373
393
356
113
179
281
327
381
206
559
55
225
266
427
447
347
86
468
64
590
279
519
465
131
380
310
546
129
213
575
314
417
361
234
586
446
280
152
102
36
30
170
122
236
337
319
313
529
277
148
358
382
219
241
77
142
363
95
576
533
395
221
115
563
285
304
200
574
530
562
453
56
201
4
74
8
240
232
58
540
194
97
276
288
26
263
70
488
508
2
339
127
256
260
43
522
411
378
275
526
517
316
204
500
545
426
258
83
338
286
578
85
403
306
141
100
160
182
18
80