457
692
132
495
839
838
70
703
436
707
137
921
928
402
701
859
812
476
851
145
552
345
930
298
608
682
437
613
260
290
647
186
176
892
800
370
915
784
952
133
99
301
901
627
813
728
82
556
364
794
973
408
541
958
500
268
113
344
203
709
245
867
158
615
369
612
160
47
900
275
440
171
791
593
807
697
185
66
454
44
265
766
568
571
816
350
888
897
140
536
878
735
579
546
594
264
455
130
906
361
182
968
374
693
577
24
563
918
566
847
632
683
442
300
2
823
895
830
332
406
713
202
225
250
803
480
953
806
721
531
462
334
854
193
136
11
326
170
348
695
840
528
872
307
996
312
294
198
545
711
321
965
173
989
353
926
876
271
674
534
469
359
33
147
677
887
655
274
28
966
38
212
143
911
199
742
729
668
628
760
818
585
377
409
924
8
834
955
433
128
15
602
208
604
522
83
249
681
727
993
54
622
825
589
86
75
881
61
483
621
501
229
196
913
60
810
730
42
26
749
842
252
916
414
206
139
373
71
141
393
573
843
688
720
828
508
21
526
808
104
935
135
524
737
874
715
237
357
214
891
633
45
18
917
404
600
31
817
750
591
167
121
494
378
657
358
329
347
368
877
835
366
246
687
116
738
114
610
667
775
444
43
561
67
280
538
380
539
702
873
503
626
396
289
411
768
234
954
428
401
543
956
117
398
434
292
403
499
157
72
258
731
945
23
829
95
653
468
554
125
883
445
493
288
25
764
575
864
425
560
755
649
470
69
923
630
303
619
90
103
421
405
53
582
63
7
492
598
473
941
376
272
29
783
929
517
152
381
885
447
523
882
153
174
126
426
3
620
974
191
255
527
550
448
640
565
802
251
537
972
427
938
659
927
520
138
821
700
787
144
482
85
481
743
305
388
861
41
354
617
123
52
496
379
267
465
747
933
513
362
412
324
449
382
296
490
646
360
896
514
767
389
166
327
736
322
576
165
57
460
259
77
976
420
209
340
162
487
231
758
778
831
988
213
343
20
599
219
532
934
466
310
977
698
194
256
365
792
279
752
569
712
177
706
748
542
58
588
998
853
618
804
661
148
195
244
111
446
512
641
629
805
762
84
990
450
656
510
224
200
151
949
311
890
832
769
578
857
781
624