1833
3752
2260
6629
5530
4425
310
1568
5712
636
6356
711
2949
2045
6643
273
4120
2550
1904
1630
117
828
2365
1095
4942
1143
430
2840
3315
795
4780
2808
5971
267
2270
393
3085
1245
540
3215
60
4885
6566
1183
3780
75
4662
4060
380
6650
3965
1539
702
4445
1743
384
63
1080
4005
585
486
1885
4640
6384
1482
1287
1395
2466
417
1839
2849
1998
2716
1563
4670
4053
1005
5103
378
1729
3975
1624
2640
2005
1554
4990
4895
2730
501
931
1764
5649
1320
4815
2050
2445
2220
2643
1008
513
5929
300
2589
245
595
2786
4155
57
1350
161
825
1920
1120
5579
1038
35
723
1515
2515
4753
3157
755
1393
3735
525
3815
3585
240
4505
6132
4200
2385
3605
2685
852
165
1652
4770
4740
3195
190
1077
147
2870
2527
895
2652
3305
2075
2079
130
4390
996
5684
1995
3276
4130
1491
651
4046
2922
2583
1659
1735
5145
4578
927
574
249
621
612
3885
2391
1169
3455
6265
2735
975
1830
5334
2670
2520
6832
1041
4039
917
2002
973
4980
1809
2100
2095
2961
2331
2156
1662
681
1827
1446
3625
2181
4760
1827
2886
807
972
342
5866
1431
3255
4795
5901
657
597
710
420
1515
4735
4683
2307
2769
2665
600
5432
4385
5754
2142
6895
165
102
2352
2850
2223
4110
1419
1032
1824
315
1113
5551
854
4879
660
690
2478
1075
2282
2559
24
6986
196
2571
2240
4627
1854
63
2320
270
4907
135
99
4655
1270
80
3755
3090
1360
365
5089
1918
405
408
322
119
805
1596
650
910
3458
406
2315
133
3955
3038
4185
762
4675
6321
1710
6867
2650
2680
3675
6181
1275
2043
1716
1547
309
4193
774
3695
4595
5138
2250
615
2367
1986
1210
2569
2193
2364
2835
2360
1233
759
1302
4475
1779
4228
780
2142
504
2660
1325
2556
2490
763
2989
2727
2958
3080
3766
2760
4235
1300
2464
2262
1070
4310
1470
2706
985
2553
666
4410
805
6307
987
933
6013
4487
1062
5537
1932
2985
5978
1182
900
3165
1554
717
777
370
1575
6748
885
2595
1869
3580
1170
56
894
3528
725
2178
867
3900
1385
77
350
1141
738
1881
721
6839
3330
266
4395
3610
2451
3479
2165
1473
2180
1737
1203
6909
4977
825
3360
3843
2926
1959
4823
4676
4520
3400
2313
1120
1971
4205
2526
5117
1113
3110
1791
1851
1164
2424
2856
1470
3612
1386
520
2454
945
2920
4249
1071
273
1866
2220
3670
3633
20
2103
812
3365
399
6202
4405
686
861
1728
3745
1545
623
3050
160
2994
2915
1890
6097
897
1267
4535
5201
1275
2190
1615
4140
1220
28
3962
3164
4333
6258
2740
3563
3740
3230
1550
1290
3395
203
1495
885
1977
1341
518
5593
3444
1452
411
3430
4470
605
1314
228
516
2280
532
3595
4858
1785
4641
1555
1463
1320
2485
6713
2991
1125
1317
1008
1105
2079
2286
1064
750
6685
4130
1400
2481
291
6230
3530
1435
4645
1905
2695
4605
1225
1022
2442
2841
2397
637
2925
2072
4550
3486
2748
1512
2947
2064
2235
2790
5908
5775
1461
2415
456
2610
2975
720
2058
1011
3472
1875
1315
3100
2067
1687
1755
4865
1581
4125
2478
1701
6510
2815
1800
1675
4935
5194
4207
5663
3450
1130
1395
2245
69
3
145
2420
170
2051
555
3948
1825
4840
900
2316
3270
2265
5047
4893
2226
1083
552
2254
740
2155
4935
680
2205
4263
4040
5873
4361
6398
2370
2523
2445
6524
234
1149
33
1731
2187
5369
1355
1719
6342
4872
6454
2979
1098
1990
4775
2295
1351
660
4921
1110
1790
865
4669
675
2667
390
4536
5852
3150
2440
588
2630
378
12
1422
1326
679
2253
5488
1995
2335
2240
1420
1950
2975
21
4970
5075
3505
1410
2884
2298
4431
939
1614
6937
2765
1110
4625
3935
4837
1690
1883
3759
2198
1869
3830
1752
3930
3560
1197
625
3945
2570
3285
1100
4620
2085
654
2485
3620
4746
4214
2805
2016
4557
2163
453
182
4905
2125
768
5257
6293
2073
1047
369
5698
1185
5516
4190
2739
645
1666
749
924
465
5159
1593
4970
1296
1950
1795
6902
1713
6965
624
1923
3934
4135
2400
2215
1383
3750
1521
2200
6286
819
2317
5705
15
3850
5481
870
4265
141
100
2340
2784
2874
530
975
2199
1981
2166
2520
970
5341
105
198
5299
2091
3955
1638
1308
2618
3836
4914
315
1253
1029
3619
5509
4370
1330
3280
1065
3031
180
1025
2712
3295
1940
966
468
2052
1720
2541
3346
5453
2705
140
2455
4485
156
3820
4150
1670
2605
2513
3045
3052
210
4592
1225
1686
1488
1044
3717
4070
3206
1020
2211
1680
2901
1834
5061
2835
2945
2970
4180
303
6216
1947
1850
4949
2163
1656
2172
1107
1620
3227
2625
1263
4158
4835
935
4950
969
27
2301
1944
4494
231
360
1561
2121
6426
1835
3475
5397
2105
2619
1767
2800
3995
3720
2970
5222
3388
1626
4635
70
1329
1764
2655
3241
1050
4480
2412
2080
4575
280
6545
252
1980
669
2388
5026
2950
4875
276
775
1428
5327
1749
1162
1820
602
1680
2763
6475
864
3430
285
2160
1176
2247
1134
1960
2100
306
381
105
189
2611
366
1421
360
1197
4032
2745
1757
3920
2829
1893
2919
2805
3451
3555
6174
2160
1224
3370
2604
5131
5348
609
1404
6461
663
2035
2352
3395
4890
1059
5733
363
3340
1740
879
1299
1170
6349
765
2241
2780
5320
789
3773
1035
1673
2733
1050
963
245
441
355
3525
1962
441
1152
1740
1872
4210
6671
1540
2690
4035
420
6083
2982
3835
6594
1929
2295
1845
1695
1848
2658
1179
6580
4585
4067
4781
3615
2821
4004
855
5824
2676
4345
553
993
2022
4020
462
1776
510
490
729
3003
2751
3780
6167
6391
5376
1900
815
2928
1101
2525
440
1695
81
5418
1440
4015
2025
2967
3765
1260
3311
385
665
2140
4280
2355
880
2283
2292
3405
2124
3490
5502
2208
175
6209
1806
195
550
336
2691
831
3787
2730
135
2148
1884
237
402
2850
2544
1155
3895
1510
5152
1812
1590
2910
630
1988
2883
2622
1057
1430
849
6370
810
6412
2009
1413
3059
2865
507
4275
1235
1799
3976
4095
4697
465
1456
726
1596
1140
2472
324
1332
3220
2790
3710
1617
847
5012
3192
2868
2912
2238
837
2673
840
2505
891
3940
2562
2305
3060
5586
1449
3600
3822
4389
1377
1887
1527
618
1465
2136
3689
4956
2100
210
3960
395
4050
1725
2562
1647
1855
3210
990
5243
3565
1785
5236
627
2565
2405
85
4466
3500
603
345
1655
4160
1862
1443
925
6615
2093
2106
4930
684
2943
1635
1911
2853
4081
888
65
2289
609
485
4368
2380
3770
2590
2469
1050
1870
2230
115
510
990
6419
1535
2502
940
3135
405
343
1629
4650
2247
5082
903
2261
2964
1236
6559
4277
2730
325
1715
1065
5845
1175
6916
1467
3290
2952
1755
180
1405
3705
159
1968
1180
425
1810
3745
4326
575
1848
5740
3598
2795
6531
651
1477
1542
2814
840
4851
1910
4256
994
5747
1490
4305
2450
2121
3190
1536
3997
590
3040
1685
4985
1281
693
2880
1587
1161
1974
2337
522
6482
2130
1800
2548
2250
1644
4711
18
4720
835
231
515
2044
2205
138
5558
1897
2443
2758
126
777
4018
4170
42
4510
6076
2436
1227
1707
5796
400
6538
690
1640
93
294
448
1365
1190
1116
4732
2425
2259
924
1035
9
4998
2436
3260
1955
2430
2799
909
1200
1533
1582
2742
1792
1085
1206
6272
2310
5166
2508
4335
5943
1746
1610
783
1221
3514
5642
2670
2120
312
3480
4235
1970
535
252
2382
351
4403
1701
2157
2150
2370
3129
4910
2615
1390
2429
330
6972
2529
6601
4172
1599
2725
2334
3675
2007
4220
1455
790
450
3795
1205
260
6720
1863
2070
2613
1115
5859
4965
1560
1274
288
4718
3355
2415
2219
1000
4860
1200
2082
2118
876
2275
1374
3073
1359
2597
2700
1356
1797
4102
819
270
4440
833
460
2380
1245
1497
665
50
1841
5768
6622
150
573
423
1941
6125
2493
435
90
720
765
1602
3185
3297
915
699
3335
6930
3070
2376
3275
930
2793
2169
3437
3470
3160
1895
1026
4630
4420
2688
5390
280
42
1995
168
230
6328
4750
1965
4585
1146
1242
1557
364
6944
4165
945
2049
392
2940
6692
4865
3660
3906
2820
1086
4137
495
6041
695
1917
1365
432
1734
2694
2862
1575
2892
1204
3171
5782
6846
112
3870
2076
4613
4490
6496
1127
804
4755
4610
2268
2779
5915
4730
1353
1803
1925
2649
2655
3000
3339
4305
965
1055
3381
483
2439
610
5600
1347
1060
3235
714
2296
1677
5614
1730
1890
2715
3245
2628
477
1855
4715
1689
645
780
4590
5922
4704
2695
111
6
1608
1017
816
4396
3095
1122
4175
444
2244
4438
1414
1518
4270
2475
6874
3010
1600
2409
4600
4025
1106
1743
1455
3905
2460
2034
4144
938
3035
2925
335
1194
2800
2460
792
2721
6104
4760
1386
333
2149
1500
4200
3150
1603
2720
4195
4473
2415
1965
845
2940
4000
3731
2574
1425
1758
957
2931
744
539
2338
3845
261
1710
4445
2465
40
3350
912
1338
910
2751
549
3535
2484
715
492
2988
3105
2058
2275
1254
4380
4886
1370
2010
2094
4095
2046
357
798
1659
6811
1653
3540
1505
2496
1498
5628
6664
120
5124
3300
4795
4465
2030
5726
1989
579
770
875
2639
1337
1410
2422
2772
4186
2055
2965
4928
4055
6706
951
1589
3025
2586
3015
3000
1195
2023
3515
1128
6251
504
822
6377
785
1771
4725
6734
1092
4123
7
2700
4245
2394
1248
2802
4830
1160
1680
1425
5040
1470
2640
201
1530
2395
2592
1056
3724
3250
3810
2343
870
2575
1340
1479
5572
6678
2457
387
348
2898
4225
336
3145
2037
2541
5887
297
3332
3805
675
3065
2919
2718
4290
3178
648
45
285
6608
3985
1694
1165
5068
1095
3927
4809
1641
5180
1269
3892
4270
3650
250
2255
1211
2631
1379
4312
1845
3730
1930
2355
1920
537
5229
498
110
6139
4522
1813
6335
3913
1745
2935
3402
120
2128
3409
2604
3899
3425
4606
5446
2013
889
6020
511
6860
1896
801
5215
2191
6825
1736
830
2390
3500
1860
4179
5425
4365
4382
756
635
3535
2214
3440
2890
1956
948
3155
3080
2625
2667
1665
2744
4291
786
942
2661
4680
4655
585
1158
2303
3283
5607
372
3857
4700
105
564
3920
670
2145
860
4870
5250
1281
3661
4354
2408
4260
222
3374
3700
4955
2838
1645
192
3493
930
1475
2895
1239
1494
2010
1078
2088
2070
1610
3885
1344
5985
2755
3367
3130
3680
1246
747
279
868
4725
4460
4115
2937
2403
51
5362
4515
784
177
6951
2450
6804
3108
4424
1450
2913
2961
2400
1040
474
2290
3094
438
4085
1503
4415
5313
3304
1080
450
1545
2796
3248
4515
6769
6755
936
4375
90
4109
2175
2590
2040
5000
2031
1750
5306
2859
959
2328
2028
2871
741
1876
308
3020
2580
1524
1491
5817
1520
21
4340
4545
5621
1785
185
2675
1840
658
696
1230
3775
2723
3690
858
2506
2510
5208
6762
800
3240
225
2637
4250
3829
3682
546
5292
3325
2682
4151
5950
1260
4501
5411
2996
3205
2065
3199
4116
1305
1533
685
1092
630
3255
700
1345
3584
275
1698
4011
345
980
4830
204
4284
3890
2277
534
2235
3125
4298
87
5789
1350
531
4816
3950
1265
1708
3075
3140
2366
2545
4455
1036
4360
1509
2511
2560
3170
3234
687
480
2814
1794
2030
2811
5670
1890
1805
3010
705
2471
2823
2645
4459
2946
771
4920
1519
1620
3101
1176
186
54
1358
5278
3175
1344
2765
644
483
678
1311
6727
2196
4615
1974
2745
5474
5096
3915
3353
3460
2135
795
4347
1650
1770
2401
1638
2577
320
4025
84
1380
1209
1002
4745
735
2835
1782
1605
2826
1284
2112
1015
966
1212
72
843
3185
1099
1506
1135
4045
2781
2274
4900
2470
5019
3590
1590
2555
6776
2995
1780
594
215
220
798
4010
2660
606
2097
588
2115
3808
4285
168
6818
1960
4375
2517
6188
672
3630
4788
3860
2933
639
1992
2856
846
3325
78
1215
3577
6958
2775
357
216
2065
3213
2565
2500
2709
385
1878
4825
1372
2601
2271
570
1692
2229
2702
760
2375
3703
2373
2020
427
1595
282
6440
1148
873
1090
732
2490
2940
2653
1290
981
3360
1580
1119
318
3485
1155
154
5467
3647
5439
1665
2387
3983
414
750
3825
1935
708
4915
60
6552
3640
3865
4080
295
921
3115
4410
1611
1071
2004
2145
1029
1635
2905
4300
2090
300
2775
455
6923
1484
1125
3760
125
4571
2394
1362
5173
150
1014
4660
2061
1865
1932
1857
2907
1578
2430
4295
3385
890
1150
1645
1760
2770
567
1830
1449
4319
3710
3855
2289
290
1435
3310
96
2325
3970
1778
2184
6741
1400
730
6468
3120
2997
545
2955
354
4960
6489
200
2646
5523
1375
476
2256
2905
4940
294
6034
1335
4088
4900
1140
2019
2685
95
243
155
1650
5894
5187
2361
224
1905
4705
49
1671
5992
1230
2847
640
1089
987
810
70
1188
3640
826
2580
2310
2448
2877
4845
153
2585
1458
3969
3570
1407
6223
4540
4850
3570
4242
3626
4165
2610
3800
25
1505
75
1915
3320
3420
1806
3850
978
6447
3024
39
2930
2810
3520
3045
882
2842
4543
2427
2715
4450
2499
410
1836
321
2505
2880
4555
2025
543
2346
2225
339
1380
3790
1975
3055
2115
132
1911
2475
1190
4495
5936
14
2820
4690
5495
1257
2898
4805
4452
162
2463
30
5404
4105
2595
4400
2817
642
1946
4530
4529
2534
3115
2480
5355
1632
6027
2697
3545
1980
1765
2185
1445
1134
1365
2195
3871
2598
3465
3220
6244
3225
2322
2037
2889
1288
1001
2885
3030
6069
1295
2184
1935
1500
2154
3668
6587
98
470
375
753
1585
4325
3725
906
205
1775
3136
2205
5803
2406
1330
630
999
2860
3087
655
6573
1104
2807
2135
480
1480
3980
3864
2664
560
1575
555
3269
4100
2170
2535
5957
2060
1191
1295
505
2620
6006
265
707
770
1045
426
4074
123
255
2280
861
1540
1953
1053
1584
371
820
45
2535
2900
3738
2976
5
3262
210
1925
35
2325
2170
2330
2520
1023
189
5719
3549
1967
5656
327
6783
1530
447
2085
1309
3654
1416
3875
4221
1945
55
5691
340
2190
3556
1476
5033
633
1926
6853
3840
4215
4820
4315
1005
3380
2151
3410
420
1460
396
413
2016
2319
735
1335
5110
2300
2418
2139
1820
1043
3801
5761
2679
264
2646
3521
6699
429
3635
2285
2757
2495
1668
4984
705
2772
4480
3495
791
4090
3375
525
3510
140
66
2891
4417
540
1704
5005
235
1434
6405
2688
714
1240
144
1266
6055
4710
955
1880
126
915
3465
1617
615
1250
1908
500
213
1285
1818
834
2830
4565
560
875
1155
2538
2304
2212
2015
3685
2457
2895
2133
6279
954
2710
399
1280
6146
2793
3345
475
445
6790
580
6503
1167
3645
2345
1560
2832
287
301
1368
4648
174
1566
1902
489
175
4340
2754
350
3200
1464
4330
2934
6888
114
903
1398
2130
5635
1068
1526
3785
1750
576
1512
2177
581
2114
3990
2607
3180
1815
435
5383
3318
1914
5880
4500
2785
469
3415
30
2492
2532
2310
3941
3390
2373
6090
4963
3591
108
2954
2865
2845
2737
700
1938
1251
4240
4790
4065
2600
2825
2359
4075
3143
4430
2828
2233
960
455
1569
4060
2331
3017
1323
1255
1389
3605
2632
4880
2760
2340
2916
36
4925
6636
6160
1145
3445
4564
3265
546
183
329
4580
6062
490
1715
2410
1631
2547
1218
5460
1773
2202
1401
2968
2863
6300
595
984
4774
2217
259
4320
4767
620
4739
995
525
207
1525
2635
960
1625
1572
3990
3423
1722
255
1218
5999
1875
415
495
1020
756
4945
497
4350
1232
6881
195
2055
2001
2530
4355
735
2000
2955
1407
5285
2736
4800
3696
2499
2268
147
855
2616
945
2960
1683
2358
1239
1215
2904
1015
6111
3550
591
4855
390
4690
528
1570
459
246
1392
840
1565
2709
1371
3794
3665
2487
1605
3910
3925
5810
3122
1725
1272
4665
2980
240
84
2226
980
1485
920
2855
5677
4975
2674
2910
5544
225
2634
1953
434
6979
6314
2324
3715
2040
15
2086
217
4599
1302
950
2421
3507
2379
2550
2265
4765
1131
2583
1623
3878
3416
952
1415
2766
4508
6657
6363
1788
3655
2973
1842
171
1770
4230
3005
5964
3542
4810
2175
813
1278
4991
462
6195
672
918
1437
1316
1548
6993
6797
3575
1860
2109
3066
1674
1305
2385
6517
219
1705
2107
1010
305
2514
4785
4570
4620
882
6118
238
3815
471
693
1939
905
258
582
2349
4844
5054
565
1815
6237
2232
315
1442
2555
519
2625
2787
1660
91
4695
2750
1260
1085
2210
5831
1030
616
2435
1428
728
1440
4802
2127
896
5565
129
745
1137
742
558
4685
4030
5271
2576
3290
2844
2703
1722
1551
5838
600
2433
1899
567
570
4255
2875
561
2110
48
1293
330
4634
4560
2345
6153
3435
375
1173
2877
2985
2681
2350
2990
2870
10
1761
1185
2724
2540
1983
2568
4995
6048
1700
4145
1310
1074
4550
2778
1985
4525
4435
1821
1485
850
3880
5264
2982
1323
6433
7000