1715
2810
2129
634
2936
1457
2430
484
1012
796
1154
2431
1851
2617
2214
1224
1615
2225
2473
1813
1323
553
2520
2370
766
2951
1718
1450
785
1817
2129
2500
1627
1257
133
1562
2714
2563
2046
725
358
199
156
2209
2816
2369
432
1431
1594
2905
243
2916
457
2763
2285
1223
2713
1003
2672
498
2819
1801
2997
1445
58
130
7
2771
2692
2052
496
50
2251
651
2258
2067
20
2690
497
1613
2595
739
1529
52
502
813
1274
215
1816
946
712
1635
2746
708
80
2804
837
86
2575
529
2138
71
578
1389
721
2836
455
741
2526
951
2354
2120
1690
882
2171
2191
1695
445
2406
511
1390
117
2145
1136
825
2224
939
1662
2310
514
2190
1447
584
2768
2835
1305
2603
290
2045
2129
1241
1399
1249
2930
2281
420
2121
975
864
1526
1486
2253
1643
630
388
2467
2854
1327
1128
2163
1841
317
610
2424
84
445
728
2687
734
2773
1816
1974
1172
64
1904
452
483
1024
1427
1346
2550
2912
599
1192
542
987
658
395
2314
1786
2557
1154
2103
166
577
2187
610
1305
1874
1344
1077
689
317
2249
752
2220
2700
1234
244
1126
2580
2793
1038
178
985
1579
1164
1642
1973
477
428
1530
1630
2530
1696
2207
1717
2306
511
590
649
1588
1278
966
836
2029
186
535
263
430
1661
2842
222
2698
19
1206
1276
1182
2848
249
1659
276
1779
288
2806
474
2494
1522
2780
5
2111
429
1592
389
1395
2427
2418
1580
2962
2680
2010
1622
2521
2232
1319
2540
438
2595
722
285
2844
2380
561
1623
2668
366
2096
2162
1887
1876
2166
998
2304
758
1387
699
184
804
2279
145
483
1288
1767
4
519
86
2543
956
2681
265
1241
2524
2645
1801
1146
2312
2166
242
1474
1053
2118
640
2051
1421
1397
437
2119
1581
1240
1397
1726
1723
2685
492
1727
203
577
1270
1158
257
1534
2399
2781
1178
1199
927
490
365
1169
1964
1418
286
2603
468
1707
1000
905
826
2580
2145
2223
1305
868
1907
1797
2594
2110
2374
863
268
2631
2396
2666
2412
574
864
338
1064
1229
1507
27
2646
1792
2629
114
499
629
1019
1324
208
164
546
1513
1031
2453
310
625
1562
2683
1487
1829
2314
883
1495
1725
1457
2359
2062
2520
587
569
2546
233
2360
2175
347
2858
2804
1365
1182
11
1528
1728
1524
2559
1180
1834
183
2742
1517
1670
1571
830
2552
65
2554
1008
2423
1616
528
10
2184
74
242
1543
2249
588
1401
2052
1953
2582
2063
481
1309
586
39
2489
2420
222
2231
936
1891
801
1765
1442
866
1318
2450
289
2934
2978
298
2117
51
540
660
2299
1127
2061
1350
80
1643
412
560
2952
998
599
2440
417
820
1670
1353
2710
2471
117
1152
336
1435
602
625
1368
579
922
485
629
1461
1144
2928
2588
204
1278
2667
1847
1690
227
1798
2688
825
1237
105
1644
2907
1457
1354
2378
1574
2505
2714
8
106
338
1375
684
1260
1860
1313
2720
3
1241
2308
207
2519
1975
2053
1208
2201
851
895
25
2087
1000
1669
1994
2456
22
1372
1029
2526
1085
1036
2632
1423
2411
316
2682
1271
1628
2401
1273
2869
1708
1480
2387
682
533
594
2883
1383
1489
2908
470
2488
1576
2464
1944
1597
835
2972
1123
1920
1008
755
342
419
1070
23
1689
2697
2423
2962
2566
1131
1442
1952
1813
1975
2546
1696
358
1035
1603
827
523
178
291
2466
1775
1125
2438
2898
44
446
652
386
865
1721
408
2554
1418
2831
2516
984
962
958
2935
2774
2932
2481
1469
289
516
72
1116
1038
249
1407
504
2024
2531
2941
1922
2575
387
2573
2960
1251
1294
368
805
2712
198
320
695
1159
1277
629
933
1209
110
2402
1497
625
2473
2613
1662
2722
1019
2165
1746
550
2106
667
125
2492
240
85
743
1533
452
1547
1244
650
1866
1938
1808
143
2567
2741
1351
2677
2142
2848
301
1614
2460
1963
1336
479
1128
81
1029
233
748
1153
2725
987
1238
467
2519
1690
2013
763
2339
879
2701
1147
1021
2268
887
2371
1944
28
2219
2244
1642
1678
1207
2978
2157
2334
58
185
2567
805
1338
2291
1792
2576
2758
1311
1265
1771
2073
603
2649
1774
1749
670
1041
2636
41
2984
2663
2259
2228
1305
937
435
1282
93
2768
1340
278
2335
2144
1616
1626
935
1191
1383
2246
2455
154
1318
58
2803
92
1807
472
1132
1442
513
1116
1104
2771
344
2409
708
778
690
801
546
2029
1078
2880
1173
2694
1506
2108
884
2889
1353
338
42
2671
396
2844
2762
2202
316
894
643
828
2009
1747
599
2353
1155
1306
130
1845
2106
676
873
184
556
2046
2877
2061
1153
761
1949
2505
1099
1990
2176
1494
1834
1937
695
2149
2830
1338
2977
1839
84
575
1191
1239
1881
1320
83
987
1996
956
1171
2551
1
1048
1611
1154
1808
560
658
2906
2549
2833
1399
1383
1770
2094
531
1599
432
508
438
516
1083
1628
1754
2963
2948
1837
950
1943
2793
2120
1493
2793
168
103
946
1975
662
1604
1881
211
1437
279
1593
207
2373
2124
1806
2805
2631
2243
320
714
870
2073
676
817
910
1626
2759
702
746
1251
495
913
1354
1441
2887
2016
45
1767
2227
1482
2046
820
1688
1419
2944
493
1223
2575
2735
1542
288
605
615
963
1421
1525
2589
1180
2227
334
2431
2721
1246
784
1162
1133
2800
1206
2900
2026
2687
1945
2846
1375
364
2789
1867
1586
2363
1602
128
2650
2206
743
613
626
2267
201
1806
1493
535
1236
1214
1780
2020
2375
2913
1819
581
2812
845
268
1756
690
1642
2120
479
509
705
2841
2111
833
2491
1316
1575
104
1942
842
304
747
2334
839
1983
548
2618
1002
2922
2530
2820
503
2341
665
770
1097
1355
2412
216
1833
2920
921
1673
2030
1754
1164
346
328
1267
2288
1170
1571
34
503
2409
2016
1051
2027
18
972
1557
2837
1474
898
502
2244
1994
1856
1655
2210
688
1575
131
2361
605
1885
525
951
2213
1791
238
382
361
272
885
2770
2288
1935
1796
2305
2907
352
2142
1380
1249
2643
624
243
1498
2279
2453
2186
853
2583
1546
1458
1468
2070
2408
680
861
2645
1061
1222
2916
1945
991
2204
879
2786
1508
785
137
649
2165
1386
291
2789
1628
1789
2067
1080
974
2920
663
2520
1377
2130
1590
785
2809
2450
429
869
671
345
2814
1661
2548
693
1447
1056
1477
1584
1704
642
2969
1994
430
1596
782
2497
2675
1756
2416
338
1275
792
2467
2864
1576
2276
2314
2005
145
2984
2350
2958
1645
1898
650
92
2953
2127
1675
1657
2769
1643
650
199
238
1432
2695
2913
187
2110
251
1462
2901
2717
1325
1477
1993
638
482
2137
622
2832
2095
2267
1729
2745
2358
1682
1872
1032
338
1640
2675
988
1838
2912
2419
1532
2825
2606
641
75
1067
542
2792
2392
2019
1784
30
2501
921
652
2332
15
2918
1061
2760
2276
2742
1631
308
80
271
2982
1067
2108
2894
486
640
2718
92
1281
2792
1159
1823
2583
550
842
1367
579
342
2287
1231
2673
2302
1148
734
2061
424
475
692
731
555
962
713
1622
70
606
2108
710
323
2199
1990
115
357
812
2697
907
1653
1064
1486
1995
350
2716
1668
2652
864
2401
1712
1287
2876
2404
2018
430
365
2730
2051
435
335
1159
1144
658
357
134
772
714
945
469
1620
2598
1532
106
1593
1882
2821
260
1533
684
2660
245
1971
2535
2648
988
2965
13
718
2016
448
1053
174
1591
1710
531
1724
2482
1244
2669
2950
2864
2267
1482
2969
859
364
2789
1119
1896
473
779
2140
2443
314
1788
431
278
1801
1148
2294
2248
2201
2468
838
910
2998
2562
392
1242
2231
342
1105
1497
1823
1073
2356
2186
862
475
1082
1334
1253
222
777
1566
2010
1208
1844
810
2355
1138
57
1556
605
895
2465
602
457
2857
1843
2687
198
2948
1184
2021
1021
540
1207
1882
1014
2288
216
2267
2510
993
833
1519
2200
2677
2328
1555
814
2385
110
1418
279
2575
2020
735
2431
863
422
2628
810
1605
1649
1830
2145
2855
712
158
2143
928
2425
1652
1920
257
170
1119
2933
2498
2673
746
1883
2782
2164
2162
2356
1184
2897
1786
2046
318
1414
2856
1923
62
1686
1067
2917
2397
1225
2059
325
649
710
2244
906
880
362
838
378
35
1584
2260
2816
747
1421
2172
1930
1317
958
976
1635
2371
831
557
2433
2517
1623
2350
1914
2847
1408
2238
496
2118
1481
1401
2998
1843
2238
375
1877
822
2635
1693
1569
1056
864
499
2372
1821
1474
1006
1192
2305
1563
625
1821
185
2974
734
32
1381
2971
527
499
1452
1927
496
294
1164
871
2171
1986
505
863
554
1560
1726
1052
932
547
2525
1938
1738
1829
500
2362
650
684
2336
1383
715
716
1354
1241
1215
2805
168
1710
99
1332
2580
2270
317
85
132
870
1645
1858
1921
2576
2404
1445
1513
1141
274
2013
503
923
2696
2838
2306
411
554
659
1652
1768
464
1819
478
563
150
58
2832
466
143
2964
1336
1787
1821
256
1363
1224
1701
2875
2365
1974
1888
2868
2897
1583
2705
2202
1994
259
2861
646
2026
325
2465
2504
888
2615
2561
719
81
2703
683
1416
1490
2503
1671
2852
727
371
2727
92
2345
1614
2959
2241
197
2664
1442
2190
2922
1303
2836
1948
1627
2300
1451
2514
1914
1012
233
1994
715
916
409
2204
419
2080
2055
1146
2450
1781
1237
1795
394
1196
1035
590
859
2477
2780
781
779
2615
2728
2406
1914
1179
1920
828
2190
2153
2821
2904
69
230
2108
487
2309
1162
1632
1759
2943
2869
553
337
1064
1588
926
1922
1064
706
2703
1843
320
2430
1249
2234
608
169
61
2798
2322
2882
2702
2390
112
1809
2876
2420
2971
1507
1179
2913
1376
1732
249
2439
319
1175
1361
1383
1880
1063
226
2200
492
1474
1434
1100
1643
1494
897
964
1376
599
353
1487
2407
228
907
2377
1735
2086
2290
110
818
2538
2549
1136
712
909
2519
2592
1972
2744
1791
2464
1218
224
563
2860
1718
1460
823
94
2058
1176
1581
1465
1404
2487
841
139
1573
130
249
2390
2668
2797
526
379
706
44
2970
2677
2788
1761
2140
1005
1985
2702
865
702
1162
1688
795
220
2863
2375
1684
1267
1862
2524
1405
435
2654
1653
2824
2321
1449
350
2700
2155
394
2670
1831
181
1430
970
1186
414
672
2051
1116
1834
738
1911
2053
601
1286
736
1868
148
260
272
582
2913
1924
406
2234
373
755
1933
2528
1149
1603
1358
1329
32
2328
2515
446
2999
1565
1562
1832
2303
472
885
2904
1758
1620
1771
1905
1879
2043
2487
1792
967
2892
1025
1340
647
2958
867
1795
1560
2224
124
1592
1551
2639
2038
1550
1204
600
382
506
1071
1266
410
2829
2886
2180
1733
1764
1223
1219
556
2189
1111
1580
528
1758
1538
1394
553
97
617
677
1689
2168
315
727
718
1518
1326
1100
2024
2396
2366
2433
2225
2251
1613
958
1015
2835
2177
1570
2023
287
150
2550
2045
1687
943
2597
1784
1560
273
473
728
588
1199
1445
2105
2524
2545
1128
1920
1910
560
1144
1160
2173
2101
2174
2007