3985
8
3005
385
2328
3791
1415
2050
2735
3263
1320
240
2312
4966
4426
118
3725
2947
647
4616
1141
3749
4557
1848
343
2335
971
4809
31
1387
4355
3234
3930
94
4425
4444
2293
4957
1874
2032
1795
4147
3631
3521
4614
3627
1429
487
706
2621
771
2175
1879
2965
4539
1377
2314
1585
1622
4150
2597
2595
925
2997
3150
531
42
1282
3213
3808
678
2
3145
2814
4658
1482
881
4942
4952
3235
2846
4499
723
4004
471
3804
2942
743
1330
1402
2026
2888
1212
1043
1024
3387
4771
3962
3790
2979
972
2606
2402
4276
3336
1000
2010
4258
715
974
1853
3755
784
177
2684
862
477
717
4944
1085
1428
2598
1980
1006
293
4491
302
2897
2866
1522
3456
1275
4534
1476
535
814
515
3424
1513
1731
67
1894
3200
150
3282
4578
2756
4913
3825
2124
1004
2744
3991
4528
3757
207
4969
417
3482
3905
952
2173
3177
2639
1374
4415
39
2903
551
1133
1637
905
2031
2221
4154
4191
3280
2529
3573
852
2297
1529
883
3566
1206
4351
3842
3598
1051
4471
4196
1916
2986
1112
1501
3593
2301
133
3716
937
2895
1561
1946
1907
4278
214
4098
73
68
4488
1022
2544
3706
4785
4222
381
4607
4356
711
314
1799
2916
508
616
4178
4215
4296
3007
1928
2405
3799
368
2767
1261
1617
300
2290
860
1048
3164
3227
2611
1052
2819
2961
1094
2636
488
4054
241
3466
2267
3615
4945
193
1956
3363
4508
1248
2982
505
3436
3813
868
2162
4269
4725
3391
3009
973
54
4551
768
1357
4088
1821
2761
575
1350
558
1664
3358
3613
4429
3465
532
1077
577
3017
4252
4962
3221
3944
4535
26
4243
4192
2551
887
2504
4705
3218
3190
472
3306
4237
2664
3768
2070
219
3771
2707
4092
2985
596
4046
4300
3969
1493
2044
4374
3166
2889
1623
2313
4574
1655
4000
3830
3781
4523
3542
4513
3546
3013
4469
4005
4538
1400
2034
1937
2163
786
4797
4104
3096
4080
563
3883
1919
2753
1892
1272
308
4855
2517
818
1416
2115
449
4781
566
2056
3216
1473
153
1173
2270
2380
3865
444
4624
4560
4593
3144
1546
3517
4697
200
2140
3072
1683
1378
1263
2386
2171
3322
4816
3463
1386
4780
4868
953
2522
656
3400
496
2088
3686
652
3473
3977
967
4096
282
2537
1643
4282
4870
1847
3026
3427
4161
2274
1407
3074
3136
1371
533
1409
2519
1259
3847
2364
1438
4934
291
34
4207
4653
1560
3148
2553
2588
3222
1063
4323
65
4112
2292
689
2731
861
50
754
3082
3556
3801
144
2484
795
4791
839
626
4136
4370
459
119
1217
2910
1017
1289
3795
3843
3285
946
3861
4991
289
448
2605
4959
3728
4986
262
4420
1397
3504
2543
3570
60
1033
1741
1421
3736
3513
124
2199
1308
2085
3242
1630
4111
2833
2134
2167
2325
3853
1138
2470
4126
623
294
4310
3472
2259
3231
1526
29
466
3739
2014
1833
3054
3389
1779
2714
865
4283
3348
673
4339
1087
4259
3409
1181
3310
1830
1391
4209
2240
1729
2794
157
297
1496
372
246
1498
1559
2353
1072
1940
238
2752
1032
2608
702
3109
259
4864
3326
1697
1716
3244
3123
3936
4605
4564
686
4516
1766
1136
3423
964
2192
4484
3900
4918
1389
3611
2276
2429
128
797
2817
2791
679
3056
4515
316
139
1073
2966
1099
82
1816
1554
3549
2640
4290
2609
210
4692
3259
541
203
2940
321
3043
4477
3494
2779
1577
4834
2577
912
3726
4585
769
2279
455
1777
3590
2243
2601
307
4463
886
3856
4007
727
671
1200
2954
3675
4322
4167
2306
47
1045
2755
930
3993
1130
3834
3339
252
2071
2359
457
2787
4365
3636
2534
1115
2557
2028
1581
4694
4830
3278
2418
491
4641
3966
2540
3952
2718
4273
1437
4710
3703
4077
3599
3775
4530
506
1602
1834
2569
4053
3036
1678
2674
902
1388
3539
3161
4027
4897
3633
1996
3332
180
804
2813
4353
4316
1621
2530
4975
896
2778
1337
536
3474
4292
4698
2514
2291
3625
382
3907
422
2549
2408
4635
2049
3132
2116
4775
1728
255
3445
3346
2210
856
1796
2119
4504
3286
609
3468
3219
2300
4381
493
4686
2969
1695
3201
1081
2198
154
1656
1933
4245
2686
1432
2399
2471
4684
1117
450
2222
4441
2382
4181
3878
104
873
624
3715
2694
4826
3505
2011
4122
842
4712
1523
1863
3935
79
808
2963
4189
257
4536
992
4163
1832
3747
3159
2283
2214
1336
2526
3374
1354
3665
4044
1410
4696
621
2624
3897
275
1475
2765
1396
1399
4492
4772
3281
3467
2505
1453
1509
4940
975
2934
320
1642
1158
4180
2850
1016
1369
3455
653
2229
115
3458
399
1478
3008
1252
1876
1304
4436
3158
125
4617
2566
514
2984
1237
4625
3600
32
3130
3531
2520
4978
3796
4956
1651
1901
2285
1338
97
2775
4388
191
4669
4334
3180
1951
4801
492
361
2087
3309
984
1446
2459
3519
1502
4601
4145
1825
3398
989
311
2054
354
2912
2820
2159
4060
2642
369
464
1931
420
4722
734
4800
4851
2620
4460
841
3414
357
1167
3142
608
1857
3909
3637
942
159
2845
88
24
4383
2552
371
4001
2260
1889
2451
284
4880
4431
25
1684
4846
915
33
2687
3779
713
1346
1640
3723
430
2261
2838
2479
588
3614
1230
2593
331
2872
1280
707
377
2626
87
3075
3713
3908
1169
4270
1018
940
618
4142
3171
2708
2284
4372
3777
4379
2278
4233
1908
4753
4514
1751
4442
3580
2992
3626
4546
501
4699
3422
2971
662
288
2467
4229
2181
1394
3139
1981
502
767
683
4114
2648
2018
1198
4036
221
832
3186
2404
4713
777
3720
4350
4244
1443
2857
3820
355
1582
1214
4093
1983
2832
4935
3230
2156