2861
2040
3668
4150
4539
3145
2486
785
3260
4938
2730
1921
2476
281
2537
3642
1826
439
4801
2975
2134
3148
4935
2123
4841
1171
2715
1844
4526
3149
2681
3735
3482
4450
2999
2261
2226
4537
4409
2719
4834
969
3245
2903
812
2840
1181
458
2001
1973
3970
3884
1090
4694
4536
484
4321
4574
334
2173
2234
790
4986
1310
2465
672
2576
2649
3589
662
3452
4494
4042
678
43
1949
4732
3478
1812
2161
415
3165
3309
2657
1542
4253
3135
1719
3060
451
157
1490
3249
4437
4496
4710
2636
2673
919
1335
3400
3033
3411
1685
3299
841
4263
2839
3703
934
923
3700
4919
692
3948
1946
4796
3683
2575
4307
3264
735
2782
1868
3994
2468
2322
1541
1642
2559
160
1139
2236
177
2431
4508
3594
3092
1229
3307
398
480
2752
875
1539
1937
2789
4787
3646
3062
195
3814
4335
4629
2586
2826
4050
301
3080
325
616
297
1332
3337
3156
2548
4060
4157
927
4217
1669
2921
4154
4057
1636
455
2908
1459
4342
1471
433
1612
4470
3450
1520
2426
4167
3848
1000
906
2777
4300
1832
3585
1920
3844
2310
379
1447
3901
1247
960
1445
3093
4480
3980
1261
2035
2953
1351
4312
4339
3973
2709
1928
350
2292
847
1337
1444
4280
2386
2812
3131
826
3253
4110
3255
187
1611
4044
2455
4341
3137
1507
950
59
4045
265
3892
1323
254
2241
4894
4495
516
4205
1203
4843
4818
3412
2792
2118
4632
4202
2032
1107
3324
2207
4684
113
3739
1191
258
3599
3786
4500
29
1972
4358
3915
4203
603
3398
1819
2178
4624
1011
3161
1199
2774
1814
1911
951
1712
3035
3730
4436
4573
4513
4452
2945
718
4915
3058
1981
733
4138
2983
2291
4522
2560
3943
838
4920
1930
3768
4327
2381
4114
4719
1102
4947
4799
372
4811
3954
158
1200
2363
657
66
2205
4175
2992
522
806
1019
2760
1815
575
4320
3687
3937
679
589
3857
368
1734
2716
4405
4473
4058
2316
4043
1043
4716
1087
1268
3931
2126
3902
2592
226
4140
3387
3040
309
1836
1362
1001
4645
102
2329
1195
2621
4281
2593
4025
637
1274
1045
4567
3052
3748
807
1127
1029
4737
3366
3278
888
2623
1708
468
1682
2808
3904
2253
614
1084
4895
4922
4322
1945
4454
2474
3747
4942
103
3818
230
1561
4635
1441
3226
4489
2108
2113
800
2493
2661
250
1282
4877
4396
2295
2091
897
3458
1512
4194
1984
1502
3750
4518
3028
2485
3401
808
4803
2632
1755
524
2968
3533
1443
3528
1631
3094
2395
2603
1432
2270
394
2095
1516
1218
2683
434
1792
3625
3612
3983
4998
1906
318
4940
900
1414
3406
4201
794
4827
4828
4553
1353
1947
3899
4761
511
1765
4249
124
3405
2414
1875
4616
944
1627
530
4074
3596
831
3049
418
3956
2985
3484
2721
155
1526
478
1423
1964
2149
293
4707
731
2503
759
1095
2208
2674
1761
1286
3568
4066
2916
2359
528
1876
2546
1758
4381
2749
2943
4681
4867
1458
1829
2742
4916
3987
416
4447
4482
1988
4192
1345
4143
4462
4953
4481
1160
1263
4443
1361
2264
3074
2784
3765
2934
2933
4183
1083
4083
4090
2100
384
4519
1491
610
4762
4846
3523
1073
2802
1562
335
3836
2128
317
4483
2776
4861
1245
2939
3919
4391
2536
3293
1030
2191
3746
272
1357
2110
1184
437
1517
1176
1729
2356
2436
3219
1064
4853
825
2092
13
584
3348
1239
3760
4598
2156
526
4011
937
1525
3444
1513
460
164
4585
2300
2906
3740
634
668
2722
4186
3143
1579
2249
1048
1143
990
442
2157
1694
3670
1845
2407
1295
4294
3597
623
3016
2619
3323
239
2982
4909
4123
778
701
1341
994
2669
4660
11
1764
577
2969
4826
2529
4324
713
4923
1145
3874
1162
3210
88
1354
2694
2995
3869
3660
2159
506
702
3876
21
2909
1887
1319
3431
1842
2143
1843
271
3356
3116
2079
2117
2600
538
405
1534
1797
3170
4001
4402
2827
3246
968
3183
3654
518
322
2591
1017
986
3270
4640
2905
2823
3118
539
3070
144
1798
1783
1494
2517
72
3885
3890
3209
3172
236
1053
1909
4905
3267
1666
95
551
2165
1394
247
780
249
2656
53
1334
588
27
3308
830
4047
2758
4456
2235
3491
4619
643
4433
4091
3689
894
820
4257
4225
918
3008
4642
856
2296
561
2120
2734
1463
3630
565
4256
1028
2580
517
1377
2720
4304
4954
268
2622
1006
1879
285
3870
1600
4313
3472
1748
78
3715
1426
4533
1430
889
3648
556
1841
194
3831
2791
167
4963
2970
1077
638
2672
4040
2358
2948
3306
992
2372
2886
1317
2233
3375
2342
4177
1794
269
298
1775
4190
3407
727
3911
3119
686
2294
4333
3496
3340
3833
4805
1617
2435
3467
1948
4151
479
4276
4745
4210
3365
185
862
4740
4711
1289
3408
497
1762
4124
1147
1124
1710
3643
171
593
1924
407
796
2349
3102
4981
755
1033
635
3861
1188
3769
4559
4301
3187
4600
2698
652
55
954
2077
3506
3227
358
902
2528
2602
1766
3313
4376
531
2176
4370
1488
2148
615
2376
4718
884
2499
1595
97
1201
2555
264
674
693
1382
4332
3942
4849
2412
4855
2738
137
552
3862
3808
1678
2620
116
3791
4319
2805
3965
2347
3037
624
2466
378
104
3827
67
339
4670
1496
2978
732
873
858
1971
2056
2204
201
1778
2890
3641
2445
2104
3867
4010
4680
2311
3938
2803
963
40
1284
3732
33
706
3719
1237
3526
3576
3134
541
4065
3322
4398
1966
4067
4131
4822
2783
1018
1057
3044
1306
1803
2460
3287
1453
459
3024
1544
4467
1800
1968
901
4932
3843
3191
3013
4162
4245
4442
463
2918
4595
4329
2988
594
4641
311
1126
710
2168
266
2872
3821
3693
380