1720
2378
1889
686
1964
4616
4014
1167
1887
4384
2407
2912
1985
3818
2172
4441
3289
167
1694
1711
2848
1212
1934
1661
4120
3688
1209
4108
1297
1255
2727
1533
2080
3730
3661
3058
2120
4029
1773
2807
1391
3497
3649
3715
3033
76
2392
762
3788
2083
2255
2549
2031
3181
3028
2139
4507
1523
3186
2051
1342
2923
2723
4381
568
4356
4321
51
3416
45
10
1330
4878
2886
4750
3878
593
3977
3435
3739
946
2603
3659
895
1372
3066
3208
4250
4245
3431
3662
3127
2431
4335
4668
2695
2493
3762
2413
25
580
4587
4736
4963
77
4841
226
1721
2904
1917
293
4288
2474
1660
3039
4772
4774
2926
3504
2521
927
4072
1826
208
1177
2017
3425
1425
3152
1413
2335
1664
433
1761
1258
1125
3650
3336
1776
4689
3793
1975
936
4650
4535
587
4969
4468
4982
621
2805
194
2443
3852
329
2492
3894
2155
3013
1561
1852
1093
2288
4425
1807
3042
921
1178
4307
463
337
421
1365
1550
3313
3434
3132
905
3007
3369
2911
1633
2555
4012
1439
827
306
2030
4643
2165
974
532
2343
1025
308
1446
2025
1746
3300
2193
2029
199
3530
1229
1519
2204
4074
4517
4218
1163
952
238
1382
1340
272
3930
326
1448
446
1657
1336
4782
2089
1641
1748
3488
4925
698
2149
1094
584
1666
1313
3206
276
3410
4598
3443
3692
360
4388
1734
4844
4166
4216
302
4113
2720
1146
4117
4986
4766
3065
4079
3595
1625
3701
2348
4551
3302
4788
1337
1104
161
2745
2419
1579
219
3898
858
2122
2613
3074
2643
4037
729
4187
4400
3167
3743
2582
4454
1482
909
3503
1948
4997
723
1225
4466
4295
266
770
2210
3430
3722
3843
12
1690
511
2408
417
707
187
2638
4173
2373
3468
2308
2191
1653
4579
2607
785
148
2002
4308
4180
2951
2345
2704
4418
350
2579
1968
2949
3373
3828
1513
3173
4857
2531
4648
2589
3319
3063
3909
4881
4258
4737
17
2081
4449
3955
202
4177
2166
3984
3229
434
3052
258
2220
1566
1324
377
3541
1164
3125
1428
2973
4830
3827
2481
2050
1276
4862
4869
3805
2113
2310
2258
2798
774
3597
2254
635
3283
3565
3593
362
4962
1637
2161
3780
1650
2261
1811
3296
1126
4947
180
2362
2090
836
4569
3949
3382
4399
1453
2732
3899
3836
4725
1571
3885
2239
410
2944
2884
3002
2632
4609
2015
3579
2457
1396
1689
1914
1922
3226
204
1240
2994
4762
2726
702
1404
884
3378
2467
1892
4265
4355
3829
3259
1718
3882
543
2153
2451
1539
4848
2772
1520
1994
3965
4858
2105
4981
4816
299
2
4684
3847
3750
1002
4655
3368
1486
4812
143
4147
931
1673
3346
3918
3526
3946
4632
3900
4457
2018
3698
2185
3083
2421
694
973
2906
3011
2765
1931
2394
3386
1239
1740
3970
301
4658
4382
4144
488
594
1648
3646
2364
98
4926
815
379
716
2088
24
130
4563
3213
2389
2180
4936
4824
2292
3813
2213
4951
4892
4831
4322
4904
1670
684
782
4970
1908
3853
3676
1612
2004
4939
2059
2355
700
2154
3135
4713
2096
162
625
879
1480
2522
4105
3067
4186
695
3218
2331
3029
742
529
4880
3884
247
4894
640
2374
3723
957
1022
619
4465
1457
1897
1179
651
4377
4980
868
3475
3934
3956
2007
1359
4721
4890
1555
2054
1663
4392
4205
1003
1190
2572
3476
407
11
37
3709
2462
4191
2869
809
2439
2599
2705
3652
1074
3966
2960
252
1970
1006
579
1220
1800
380
4760
1363
1298
3862
1879
2903
1301
3637
2674
3574
223
3444
3327
3377
4160
4030
754
2416
1434
3620
353
623
4989
4529
2167
1186
4802
3275
2908
3408
3153
4106
2296
1415
3611
3796
4592
898
65
4754
4791
2460
1100
2825
3916
3096
228
4773
1768
1467
303
1646
772
2703
3458
4050
3454
3102
3018
743
4637
4290
1353
1511
4017
510
4267
2734
4663
4606
980
33
310
1385
2882
1036
60
283
3472
3174
3880
4876
4958
2788
1521
2121
4596
2171
2360
516
644
3680
4270
1636
2454
2879
942
2323
2265
4109
99
2978
1485
1145
184
764
576
956
4391
1846
3925
376
357
4313
4571
3464
2876
4787
3651
617
4200
435
3609
3624
4349
2966
4734
538
2128
4511
401
2983
4469
2483
2899
3893
715
3321
4714
132
1370
4594
4601
262
1045
4132
1817
3511
4434
3004
758
2410
4083
2730
552
4287
990
4639
3875
4627
1176
3203
39
3436
680
4694
1289
2092
1042
2506
1547
2456
4361
2810
3388
462
2650
2535
825
2591
3322
2984
4759
127
2303
4495
2450
3685
573
2221
4604
494
3348
3938
190
3616
830
2044
3754
4792
3272
4081
4482
58
3356
4111
3146
86
4208
2234
1631
1157
2285
3427
1725
790
3079
1863
3798
4104
2922
2577
1942
1132
3523
1873
1052
4528
4189
4085
534
783
1147
1733
2774
220
4152
641
2715
4005
3350
3047
203
305
805
926
1763
2919
4770
4078
4581
759
2935
1102
1902
3528
4919
1528
567
999
2383
1935
2776
893
4608
2035
4815
2495
1231
1813
1472
3535
1414
4414
4204
3482
3648
1114
3645
415
3630
1279
2957
1152
2676
4805
4654
2354
2249
918
3314
953
2814
2251
2203
795
653
1405
1078
4398
2560
4942
15
4303
730
1704
2592
3992
3939
1090
3817
2929
1296
1955
216
4135
826
4847
2365
343
4944
1107
2179
3059
4709
2399
1213
3452
3607
1047
3419
197
369
3397
4724
2135
4478
1371
4275
4486
209
1866
464
1228
3235
4516
3426
4993
2208
1622
1261
1432
4225
933
1864
4045
1781
392
911
1121
2231
4756
1119
605
3667
3789
1333
2222
2851
4928
597
2717
3200
3725
2486
3906
2621
1784
2707
3826
4052
2528
3809
1420
2022
3199
583
3564
2344
2037
2691
4286
806
4462