2570
4210
15
4569
3701
1910
2523
544
2431
307
2274
2971
1679
430
2410
1856
4653
108
4070
4866
3151
3688
3135
1688
2118
2142
2744
4640
3427
4720
2280
1205
4810
3941
2130
3636
444
266
2337
1610
2951
1199
2213
1229
2468
1969
2069
2292
2011
1133
2507
879
4559
4670
1124
768
1181
1145
1041
93
1012
3534
435
3962
3139
161
2105
4470
2215
2999
2164
1620
4188
1254
2152
2251
647
1789
4212
3915
97
409
4489
2058
1966
4467
575
1546
4234
2556
4667
2737
3391
1280
49
2874
820
2224
4700
488
4280
520
1725
1851
1570
4181
216
1035
4334
455
228
677
1767
3064
676
4238
3109
3333
2042
1459
2079
2976
4187
1648
1005
4721
3521
1674
103
1634
4895
3846
3014
2975
3201
1556
509
2854
4308
427
1464
3216
4894
3053
1074
3136
1225
2245
1411
2493
3506
3979
3213
2091
3617
670
1193
1888
484
2475
1540
3286
1770
1138
882
4402
493
20
956
2033
1607
4814
4409
148
3052
4877
2637
3177
800
3260
1586
3628
3748
1450
3581
249
3119
4492
1109
2918
4571
2778
3596
3011
3948
2219
3854
1833
915
2466
255
123
4662
3475
2367
4487
1139
1898
2857
4170
2642
4213
3249
2387
4509
2756
4014
3725
4302
477
2440
3721
4064
1922
2583
4913
3381
1960
2060
4725
4330
4975
1677
2246
3663
4386
3045
258
3393
4309
368
845
180
4688
431
2757
3471
4920
380
4180
4289
560
1112
970
4104
4093
4543
55
4749
4689
4731
2161
1191
3568
4915
573
775
2449
4194
1395
876
1226
2198
4942
421
143
4478
4537
4333
1582
464
3544
4575
2855
1542
1832
1200
973
2505
4733
729
3517
2847
4048
919
2321
1221
2697
2566
2247
2785
3794
1314
4305
534
1490
551
1823
2135
1507
674
349
3446
475
3585
4203
4553
2325
2557
3343
2631
2968
4063
2109
3716
3842
3134
4630
1381
1238
960
1299
1873
3908
208
1491
2002
2949
1058
2679
2946
1669
4060
3627
1324
364
2349
3485
1143
3858
557
1925
1408
950
1223
1953
369
2318
4161
1539
2715
1641
408
247
4375
3810
853
4510
54
1447
4206
4861
3545
1484
4556
1852
1683
4748
4982
4734
3634
454
189
154
39
1776
1347
3042
4908
4984
4445
423
590
3536
2273
2895
445
940
2314
836
1169
3549
4493
4926
811
3937
3861
4438
1388
2680
704
3629
1836
3188
3588
4576
4454
1761
2391
1144
4511
883
2347
2924
675
2300
397
2939
1497
3896
3210
816
3798
4291
1089
4430
2508
1847
2754
696
96
1706
527
3653
1978
1071
389
2524
3147
693
3753
133
3509
2635
502
4737
3244
486
1374
1806
1126
3664
822
383
1685
3599
1185
2651
921
1350
4687
2834
4275
2898
2208
322
461
3723
943
2046
4529
1495
4791
3606
4162
2386
859
1206
2592
1657
2052
4119
2571
1529
652
4383
4247
1957
4584
1187
1081
3775
1084
1809
1599
4270
2805
4535
3867
446
3113
1158
3068
2203
1119
4189
669
4399
3525
3035
415
177
2204
102
542
2244
413
2689
4669
2670
581
4382
942
4105
1958
3048
338
3041
1286
2713
4000
2510
3025
418
1129
1287
2793
3076
3444
847
121
4254
3561
2904
53
1996
2686
3773
1518
4782
1906
326
3570
4250
2609
2586
2275
4605
1472
654
3148
3505
4364
540
4326
1480
1573
1306
2427
3882
1364
785
1984
3838
1110
3953
2180
4455
748
3690
1234
4314
2660
458
1778
1262
1114
392
422
3432
3933
4568
3873
1891
2328
512
171
1647
1492
881
3552
1246
4115
335
4442
3087
4008
4697
4263
4145
2684
112
106
4221
3954
87
1398
858
4209
3819
588
2048
2326
1506
2537
1057
2302
4103
2342
4714
3245
4117
2028
4858
3456
2218
3071
4965
4995
1380
4824
3718
790
4979
2957
4898
2496
3914
4718
2317
463
1202
4411
2192
2626
3030
3821
1611
2862
1503
2181
3111
1070
4980
771
3662
4091
2124
3802
3734
105
4192
3717
1168
1848
22
1100
496
1088
927
267
4713
4809
321
3023
846
2844
642
4255
2017
2643
494
3966
136
934
3551
2216
351
2282
1746
3891
4327
2640
3416
3431
1348
2574
4232
2301
3009
1562
4656
605
4991
2835
814
1843
626
1194
1965
2614
4792
2851
1276
4660
1253
895
1557
4909
2398
4520
3442
1564
1774
1853
4865
473
2264
2402
2309
673
2791
3106
2148
2299
1551
69
4259
3146
1363
918
1845
1807
2809
1678
3964
3963
4384
2909
703
3273
2980
142
3850
4005
2514
4837
3863
3056
3059
3366
3729
900
289
3440
2460
3714
3307
3913
3839
2870
4507
1797
886
4562
576
1712
3067
3761
4462
2006
643
61
84
2634
3575
4993
4483
1623
3347
4959
947
3492
4035
4190
416
3161
1713
1988
2702
2071
4900
3476
1517
2459
1227
1190
1753
1042
619
4911
3876
43
4100
3012
3132
4301
2010
1986
2313
2436
3977
3621
3419
2692
4204
2894
1879
3922
3027
3834
1409
3686
3378
4036
2560
649
2935
3869
3605
2041
4902
2339
3493
2641
2373
376
4545
2270
2818
4996
3368
839
2545
3981
4239
2243
38
2220
2907
205
3317
16
750
3793
4054
2815
1662
3384
3666
1558
4155
4693
2944
1857
2396
3269
4046
2494
2598
2921
3155
1812
4332
241
4994
144
793
3957
3591
4905
1069
2774
407
2959
1343
1735
3306
3259
4420
1642
553
4522
2970
558
2650
3999
3141
685
3824
911
4202
1237
3468
3783
4875
983
1260
3738
1629
471
1854
2872
2542
2922
3131
4111
2380
1093
4589
1793
1387
4665
1428
810
4452
4431
1705
1127
1692
1756
3415
4961
2564
3881
2879
2099
1997
3494
2146
1552
776
3951
2485
3988
3826
760
4141
1745
4804
4267
3880
4417
1897
4242
735
3191
2260
75
4220
4990
1340
4047
2303
3266
3107
3095
3013
4074
2418
